1985437266432785.1527619843914735268876192435235486179462351987381927654759864312
198543726643278591527619843914.35268876192435235486179462351987381927654759864312
198543726643278591527619843914735268876192435235486179462351987381.27654759864312
19854372664327859.527619843914735268876192435235486179462351987381927654759864312
19854372664327859.527619843914735268876192435235486179462351987381927654759864312
198543726643278591527619843914.35268876192435235486179462351987381927654759864312
1985437266432785915276198439147352688761.2435235486179462351987381927654759864312
1985437266432785915276198439147352688761924352354861794623519873819.7654759864312
198543726.43278591527619843914735268876192435235486179462351987381927654759864312
198543726643278591527619843914735.68876192435235486179462351987381927654759864312
1985.3726643278591527619843914735268876192435235486179462351987381927654759864312
198543726643278591527619843914735.68876192435235486179462351987381927654759864312
19854372664327859152761984391473526887619243523548617946235198738192765475986431.
198543726643278591527619843914735268876192435235.86179462351987381927654759864312
1985437266432785915.7619843914735268876192435235486179462351987381927654759864312
198543726643278591527619843914.35268876192435235486179462351987381927654759864312
1985437266432785915276198439147352688761924352354.6179462351987381927654759864312
198543726643278591527619843914735268876192435235486179462351.87381927654759864312
198543726643278591527619843914735268876192435235486179462351987381927.54759864312
1985437266432.8591527619843914735268876192435235486179462351987381927654759864312
198543726643278591527619843914735268876192435235486179462351987381927654759.64312
19854372664327859152761984391473526887619.435235486179462351987381927654759864312
198543726643278591.27619843914735268876192435235486179462351987381927654759864312
1985437266432785915276198439147352688761924352354861794623519.7381927654759864312
1985437266432785915276198439147352688761924.5235486179462351987381927654759864312
19854372664327859152761984391473.268876192435235486179462351987381927654759864312
19854372664327859152761984391473526887619243523548617946235.987381927654759864312
19854372664327859152761984391473526887619243523548617.462351987381927654759864312
19854372664327.591527619843914735268876192435235486179462351987381927654759864312
1985437266432785915276198439147352688761924352354861794623519873.1927654759864312
9348172567286534196159427381764258934523981673891765428.7564321563281974241739685
934817256728653419615942738176425.93452398167389176542897564321563281974241739685
9348172567286534196159427381764.5893452398167389176542897564321563281974241739685
934817256728653419615942738176425893.52398167389176542897564321563281974241739685
93481725672865341961594273817642589345239816738917654.897564321563281974241739685
9348172567286534196159427381764258934523981673.9176542897564321563281974241739685
9348172567286534196159427.8176425893452398167389176542897564321563281974241739685
9348172567286534196159427.8176425893452398167389176542897564321563281974241739685
9348172567286534196159427381.6425893452398167389176542897564321563281974241739685
93481725672865341961594273817642.893452398167389176542897564321563281974241739685
934817256728653419615942.38176425893452398167389176542897564321563281974241739685
934817256728653419615942738176425893452398167389176542897564321.63281974241739685
9348172567286534.9615942738176425893452398167389176542897564321563281974241739685
934817256728653419615942738176425893452398167389176542897564321563281974.41739685
93481725672865341961594273.176425893452398167389176542897564321563281974241739685
934817256728653419615942738176425.93452398167389176542897564321563281974241739685
9348172567286534196159427381764258934523981673891765428975643215.3281974241739685
93481725672865341961594273817642589345239816738917654289756432156328197.241739685
9348172567286534196159427381764258934523981673891765428975643215632819742417.9685
9348172567286534196159427381764258934523981.7389176542897564321563281974241739685
21598374638765421946927138553871692494132586772684953165319847219243765887.562193
21598.746387654219469271385538716924941325867726849531653198472192437658874562193
21598374638765421946927138553871692494132586.726849531653198472192437658874562193
21598374638765421946927138553871692494132586772684.531653198472192437658874562193
21598374638765421946927138553871692494132586772684953165319847219243765.874562193
2159837463876542194692713855387169249413258677268495316531984721924.7658874562193
2159837463876542194692713855387169249413258677268495316531984721924.7658874562193
21598374638765421946927138553871692.941325867726849531653198472192437658874562193
21598.746387654219469271385538716924941325867726849531653198472192437658874562193
2159837463876542194692713855387169249413258677268495316531984721924376588745.2193
2159837463876542194692713855387169249413258677268495316531984721924376588745621.3
215983746387654219469271.85538716924941325867726849531653198472192437658874562193
21598374638765.219469271385538716924941325867726849531653198472192437658874562193
215983746387654219469271385538716924941325867726849531653198472192437.58874562193
.15983746387654219469271385538716924941325867726849531653198472192437658874562193
215983746387654219469271385538716924941325867726849531653198472192.37658874562193
21598374638765421946927138553871692494132586.726849531653198472192437658874562193
215983.46387654219469271385538716924941325867726849531653198472192437658874562193
215983746387654219.69271385538716924941325867726849531653198472192437658874562193
2159837463876542194692713855387169.4941325867726849531653198472192437658874562193
47381692562853974.195427863732948156941365278586172439217693584864251397359784612
4738169256285397411954278637329481569413652785.6172439217693584864251397359784612
473816925628539741195.27863732948156941365278586172439217693584864251397359784612
4738169256285397411954278637329481.6941365278586172439217693584864251397359784612
4738169256285397411954278637329481569413652785861724392176935848642.1397359784612
473816925628539.41195427863732948156941365278586172439217693584864251397359784612
4738169.5628539741195427863732948156941365278586172439217693584864251397359784612
47381692562853974119542.863732948156941365278586172439217693584864251397359784612
473816925628539741195427863732948156941.65278586172439217693584864251397359784612
473816925628539741.95427863732948156941365278586172439217693584864251397359784612
4738169256285397411954278637329481569413.5278586172439217693584864251397359784612
473816925628539741195427863732948156941365.78586172439217693584864251397359784612
4738169256285397411954278637329481569413652785861724.9217693584864251397359784612
473816925628539741195427863732948156941365278586172439217693584864251397359784.12
47381692562853974119542786373294815694136527858617243921769.584864251397359784612
4738169256285397411954278637329481569.1365278586172439217693584864251397359784612
47381692562853974119542786373294815694136527858617243921769358486425.397359784612
473816925628539741195.27863732948156941365278586172439217693584864251397359784612
473816925628539741195427.63732948156941365278586172439217693584864251397359784612
4738169256285397411954278637329481569413652785861724392176935848.4251397359784612
947153682128649357653287491381926745572438916496715238.39562174215374869764891523
94715368212864935765328749138192674557243891649671523883956217421537486976489.523
947153682128.49357653287491381926745572438916496715238839562174215374869764891523
94.153682128649357653287491381926745572438916496715238839562174215374869764891523
9471536821286493576532874913819267.5572438916496715238839562174215374869764891523
9471536821286493576.3287491381926745572438916496715238839562174215374869764891523
9471536821.8649357653287491381926745572438916496715238839562174215374869764891523
947153682128649357653287491381926745572438916496715238839562174215374869764891.23
94715368212864935765.287491381926745572438916496715238839562174215374869764891523
9471536821286493576532874.1381926745572438916496715238839562174215374869764891523
947153682128649357653287491.81926745572438916496715238839562174215374869764891523
94715368212864935765328749138192674557.438916496715238839562174215374869764891523
9471536821286493576532874913819267455724389164967152388395.2174215374869764891523
947.53682128649357653287491381926745572438916496715238839562174215374869764891523
9471536821286493576532874913819267455724389164967152388395621742153748.9764891523
94715.682128649357653287491381926745572438916496715238839562174215374869764891523
94715368212864935765.287491381926745572438916496715238839562174215374869764891523
947153682128649357653287491381.26745572438916496715238839562174215374869764891523
94715368212864935765328749138192674557243891649671523883956.174215374869764891523
94715368212864935765328749138192.745572438916496715238839562174215374869764891523
59816347263278415917425983625941836781693724574352698146589271398137562432764159.
5981634726327841591742598362594183678169372457435269814658927.3981375624327641598
59816347263278415917425.836259418367816937245743526981465892713981375624327641598
59816347.632784159174259836259418367816937245743526981465892713981375624327641598
59816347263278415917425983625941836781693724574352698146589271398137562432764.598
5981634726327841591742598362594183678169372457435269814658927139813756243276.1598
5981634726327841591742598362594183678169372457435269814658927139813756.4327641598
598163472632784159174259836259418367816937245743526981465.92713981375624327641598
59816347263278415917.259836259418367816937245743526981465892713981375624327641598
5981634726327.4159174259836259418367816937245743526981465892713981375624327641598
5981634726327841591742598362594183678.6937245743526981465892713981375624327641598
59816347263278415917425983625941836781693724574352698146589.713981375624327641598
5981634726327841.9174259836259418367816937245743526981465892713981375624327641598
59816347263278415917425983625941836781693724574352698146589271398137562432.641598
598163472632784159174259836259418367816937245743526981465892.13981375624327641598
5981.3472632784159174259836259418367816937245743526981465892713981375624327641598
598163472632784.59174259836259418367816937245743526981465892713981375624327641598
598163472632.84159174259836259418367816937245743526981465892713981375624327641598
59816347263278415917425983625941.367816937245743526981465892713981375624327641598
5981634726327841.9174259836259418367816937245743526981465892713981375624327641598
913468527458327961627915483731542698296783145584691372.79256834842139756365874219
913468527458327961627915483731542698296783145584691372179256834842139756365874.19
91346852745832796162791548373154269829678314558469137217925683.842139756365874219
91346852745832796162791548373154269829.783145584691372179256834842139756365874219
913468527458327961627915483731542698296783145584691.72179256834842139756365874219
913468527458327961627915483731542698296783145584691372179256834842139756365874.19
913468527458327.61627915483731542698296783145584691372179256834842139756365874219
9134685274583279616279154837315426982967831455846913721792568.4842139756365874219
91346852745832796162791548373154269829678314558469137217925683.842139756365874219
9134685274583279616279154837315426982967831455846913721792.6834842139756365874219
913468527458327961627915483731542698296783145584691372179256834842139756365874.19
91346852745832796162791548373154269829678.145584691372179256834842139756365874219
9134685274583279.1627915483731542698296783145584691372179256834842139756365874219
91346852745832796162791548373154269.296783145584691372179256834842139756365874219
913468527458327961627915483731.42698296783145584691372179256834842139756365874219
913468527458327961627915483731542698296783145584.91372179256834842139756365874219
913468527458327961627915483.31542698296783145584691372179256834842139756365874219
91.468527458327961627915483731542698296783145584691372179256834842139756365874219
9134685274583279616279154837315426982967831455846913721792568348421397563.5874219
913468527458327961627915483731542698.96783145584691372179256834842139756365874219
38617295441985367252794681374136529869521843723849756116352478985.739146974681325
3861729544198536725279468137413652986952184372384.7561163524789852739146974681325
38617295441985367252794681374136529869521843723849756116352478985273914697.681325
3861729544198536725279468137413652986952184372384975611635247898527391.6974681325
3861729.4419853672527946813741365298695218437238497561163524789852739146974681325
3861729544198536725279.6813741365298695218437238497561163524789852739146974681325
3861729544198536.2527946813741365298695218437238497561163524789852739146974681325
38617295441985367252794681374136529869521.437238497561163524789852739146974681325
386172954419853672527946813741365298695218437238497561163524789.52739146974681325
38617295441985.672527946813741365298695218437238497561163524789852739146974681325
38.172954419853672527946813741365298695218437238497561163524789852739146974681325
386172954419853672527.46813741365298695218437238497561163524789852739146974681325
3861729544198536725279468137413652986952184372384975611635247898527.9146974681325
386172954419.53672527946813741365298695218437238497561163524789852739146974681325
38617295441985.672527946813741365298695218437238497561163524789852739146974681325
3861729544198536725279468137413652986952184372384975611635247.9852739146974681325
386172954419853672527946813741365298695218.37238497561163524789852739146974681325
38617295441985367252794681374136529869.218437238497561163524789852739146974681325
38617295441985367252794681374136529869521843.238497561163524789852739146974681325
38617295441985367252794681374136529869521843723849756116352478985.739146974681325
89416.725137582496652974318481237569325896147976451283713649852268715934549328671
894163725137582496652974318481237569325896.47976451283713649852268715934549328671
8941637251375824966529743184812375693258961479764512837.3649852268715934549328671
89.163725137582496652974318481237569325896147976451283713649852268715934549328671
8941637251375824966529743184812375693258.6147976451283713649852268715934549328671
894163725137582496652974318481237569325896147976451283.13649852268715934549328671
894163725137582496652974318481237569325896147976451283713649852268715.34549328671
8941637.5137582496652974318481237569325896147976451283713649852268715934549328671
89416372513758249665297431848123756932589614797645128371364.852268715934549328671
8941.3725137582496652974318481237569325896147976451283713649852268715934549328671
89416372513758249665297431848123756932589614797645128371364985226871.934549328671
89416372513758249665297431848123756932589614797645128371364985226871.934549328671
8941637251375824966529743184812375693258961479764512837136498522687159345.9328671
89416372513758249665297431848123756932589614797645128371364985226871593.549328671
89416372513758249665297431848123756932589614797645128371364.852268715934549328671
8941637251375824966529743184812.7569325896147976451283713649852268715934549328671
894163725137582496652974318.81237569325896147976451283713649852268715934549328671
894163725137582496652974318481237569325896.47976451283713649852268715934549328671
89416372513758249.652974318481237569325896147976451283713649852268715934549328671
894163725137582496652974318481237569325896147976451283713649852268.15934549328671
275184963486.35712391672548539421687764398125128567394917243856643859271852716439
275184963486935712391672548539421.87764398125128567394917243856643859271852716439
27518496348693571239167254853942168776439812512856739491724385664385927185271.439
2751849634869357123916725485394216877643981.5128567394917243856643859271852716439
275184963486935712391672548.39421687764398125128567394917243856643859271852716439
2751849634869357123916725485394216877.4398125128567394917243856643859271852716439
2751849634869357123916725.8539421687764398125128567394917243856643859271852716439
2751849634869357123916725485394.1687764398125128567394917243856643859271852716439
275184963486935712391672548539421687764398125128567394.17243856643859271852716439
2751849634869357123916725485394216877643981251285673949172438566438.9271852716439
275184963486935712391672548539421687764398125128567394.17243856643859271852716439
275184963486935712391672548539421687764398125128567394917243856643859.71852716439
27.184963486935712391672548539421687764398125128567394917243856643859271852716439
275184963486935712391672548539421687764398125128567394.17243856643859271852716439
27518496348693571239167254853942168776439812512856739.917243856643859271852716439
275184963486935712391672548539421687764.98125128567394917243856643859271852716439
275184963486935712391672548539421687764398125128.67394917243856643859271852716439
275184963486935712391672548539.21687764398125128567394917243856643859271852716439
275184.63486935712391672548539421687764398125128567394917243856643859271852716439
2751849634869357123916725485394216877643981251285673949172438566.3859271852716439
623984.17541627398798153426987231645462579831315468972179846253854312769236795184
62398451754162739879815342698723164546257983131546897217984625.854312769236795184
62398451754162739879815342698723.645462579831315468972179846253854312769236795184
623984517541627398798153426987231645462.79831315468972179846253854312769236795184
623984517541627398798153426987231645462.79831315468972179846253854312769236795184
6239845175416273987981.3426987231645462579831315468972179846253854312769236795184
62398451754162739879815342698723164546257983131546897217984625385431276923.795184
62398451754162739879815342698723.645462579831315468972179846253854312769236795184
6239845175416273987981534269872316454625798313154689721798462538543127692367951.4
623984517541627398798153426987231645462579831315468972179846253.54312769236795184
62398451754162739879815342698723164546257983131546897217984625385431276923679.184
623984517541627398798153426987231645462579831315468972179.46253854312769236795184
62398451754162739879815342698723164546257983131546897217984625385431276923679518.
62398451754162739879815342698723164546257983131546897217.846253854312769236795184
6239845175416273987981534.6987231645462579831315468972179846253854312769236795184
623984517541627398798153426987231645462579831315468972179846253.54312769236795184
623984517541627398798153426.87231645462579831315468972179846253854312769236795184
6239845175416273987981534269872316454625798313154689721798.6253854312769236795184
62398451754162739879815342698723164546257983131546897217984625385431276.236795184
62398451754162739879815342698723164546257983131.468972179846253854312769236795184
739845126654.92873182376594865439217973251648241687935316524789427968351598713462
739845126654192873182376594865.39217973251648241687935316524789427968351598713462
73984512.654192873182376594865439217973251648241687935316524789427968351598713462
739845126654.92873182376594865439217973251648241687935316524789427968351598713462
739845126.54192873182376594865439217973251648241687935316524789427968351598713462
73984512.654192873182376594865439217973251648241687935316524789427968351598713462
73984512665419287318237659486543921797325164824168793531652478942796835159.713462
7398451266541.2873182376594865439217973251648241687935316524789427968351598713462
7398451266541928731823765948654392179732516482416879353165.4789427968351598713462
73984512665419287318237659486543921797325164824168793531.524789427968351598713462
739845126654192873182376594865439217973.51648241687935316524789427968351598713462
73984512665419287318237659486543921797325164824168793531652478.427968351598713462
739845126654192873182376594865439217973251648.41687935316524789427968351598713462
73984512665419287.182376594865439217973251648241687935316524789427968351598713462
739845126654192873182376594865439217.73251648241687935316524789427968351598713462
73984512665419287318237659486543921797325164824168793531652478942796835159871.462
739845126654192873182376594865439217973251648241687935316524.89427968351598713462
73984512665419287318237659486543921797325164824168793.316524789427968351598713462
7398451266541928731823765948654392179732516482416879.5316524789427968351598713462
7398451266541928731823765948654392179732516482416879353.6524789427968351598713462
81397642569752413824.813679329681754561749283784235916472398561958162347136457892
81397642569752413824581367932968175456174928378423591647239856195816234.136457892
8139764256975241382458136.9329681754561749283784235916472398561958162347136457892
8139764256975241382458136793.9681754561749283784235916472398561958162347136457892
81397642569752413824581367932968175456174928.784235916472398561958162347136457892
8139764256975.4138245813679329681754561749283784235916472398561958162347136457892
8139764.5697524138245813679329681754561749283784235916472398561958162347136457892
813976425697524138245813679.29681754561749283784235916472398561958162347136457892
8139764256975241382458136793296817545617492837842359164723985619.8162347136457892
81397642569752413824581367932968175456174928378423.916472398561958162347136457892
813.76425697524138245813679329681754561749283784235916472398561958162347136457892
813.76425697524138245813679329681754561749283784235916472398561958162347136457892
8.3976425697524138245813679329681754561749283784235916472398561958162347136457892
8139764256975241382458136793296817545617492.3784235916472398561958162347136457892
81397642569752413.245813679329681754561749283784235916472398561958162347136457892
81397642569752413824581367932968.754561749283784235916472398561958162347136457892
813976425697524.38245813679329681754561749283784235916472398561958162347136457892
8139764256975241382458136793296817545617492837842359164723985619.8162347136457892
8139764256975241382458.3679329681754561749283784235916472398561958162347136457892
81397642569752413824581367932968175456174928378423591647239856195816.347136457892
6481793253258.4179917325468182546937753298614496731582561982743274653891839417256
6481793253258641799173254681825469.7753298614496731582561982743274653891839417256
64817932532586417991732546818254693775329861449673158256198274327465389183941725.
6481793253258641799173254681825469377532986144967315825619.2743274653891839417256
6481793253258641799173254.8182546937753298614496731582561982743274653891839417256
648179325325864179917325468182546937753298614496731582561.82743274653891839417256
648179325325864179917325468182546937753298614496731582561982743274653891839417.56
6481793253258641799173254681825469377532986.4496731582561982743274653891839417256
6481793253258641799173254681825469377532986144967315825619827432746538.1839417256
64817932532586417991.325468182546937753298614496731582561982743274653891839417256
6481793253258641799173254681825469377532986144967315825.1982743274653891839417256
64817932532586417991.325468182546937753298614496731582561982743274653891839417256
648179325325864179917325468182546937.53298614496731582561982743274653891839417256
648179325325864179917325468182546937753298614496731582.61982743274653891839417256
6481793253258641799173254681825469377532986144967.1582561982743274653891839417256
648179325325864179917325468.82546937753298614496731582561982743274653891839417256
6481793253258641799173254681825469377532986144967315825619827432746538918.9417256
648179325325864179917325468182546937753298614496731.82561982743274653891839417256
6481793253258641799173254681825469377532986144967315825619827432.4653891839417256
6481793253258641799173254681825469377532986144967.1582561982743274653891839417256
375162984482397561196458372869714235253986147741523698634271859918.45723527839416
37516298448239756119645837286.714235253986147741523698634271859918645723527839416
37516298.482397561196458372869714235253986147741523698634271859918645723527839416
375162984482397561196.58372869714235253986147741523698634271859918645723527839416
3751629844823975611964.8372869714235253986147741523698634271859918645723527839416
375162984482.97561196458372869714235253986147741523698634271859918645723527839416
37516298448239756119645837286971423525398614774152369863427.859918645723527839416
37516298448239756119.458372869714235253986147741523698634271859918645723527839416
37516298448239756119645837286971423525398614774152369863427185991864572352783.416
3751629844823.7561196458372869714235253986147741523698634271859918645723527839416
3751629844823.7561196458372869714235253986147741523698634271859918645723527839416
3751629844823975611964583728697142352.3986147741523698634271859918645723527839416
3.5162984482397561196458372869714235253986147741523698634271859918645723527839416
3751629844823975611964583728697142352539861477415236.8634271859918645723527839416
3751629844823975611964583728697142352539861477415236986342718599186457235278394.6
375162984482397561196458372.69714235253986147741523698634271859918645723527839416
375162984482397561196458372869714235253986147.41523698634271859918645723527839416
3751629844823975611964583728697142352539861477415236986342718599186457235278.9416
3751629844823975611964583728697142352539861477415236986342718599186457235278394.6
375162.84482397561196458372869714235253986147741523698634271859918645723527839416
9645728311728436598.5961274629485713483217965517396482246138597358729146791654328
9645728311728436598359.1274629485713483217965517396482246138597358729146791654328
9645728311728436598359612746294857134832179655173964822461385973587291467.1654328
9.4572831172843659835961274629485713483217965517396482246138597358729146791654328
964572831172843659835961.74629485713483217965517396482246138597358729146791654328
9645728311728436598359612746294857134832179655173964822461385973587291467.1654328
96457.831172843659835961274629485713483217965517396482246138597358729146791654328
964572831172843659835961274629485713483217965517396482.46138597358729146791654328
96457283117284365983.961274629485713483217965517396482246138597358729146791654328
964572831172843659835961274629485713483217965517.96482246138597358729146791654328
96457283117284365983596127462948571348321796551739648224613859735.729146791654328
9645.2831172843659835961274629485713483217965517396482246138597358729146791654328
964572831172843659835961274629485713483217965517396.82246138597358729146791654328
96457283117284365983596127462948571348321796551739.482246138597358729146791654328
9645728311728436598359612746294.5713483217965517396482246138597358729146791654328
9645728311.2843659835961274629485713483217965517396482246138597358729146791654328
96457283117284365983596127462948571348321796551739648.246138597358729146791654328
9645728311728436598359612746294.5713483217965517396482246138597358729146791654328
964572831172843659835961274629.85713483217965517396482246138597358729146791654328
964572831172843659835961274629485713483217965517396482246138597358.29146791654328
726134895358679142419258637971325468684917253532486971867592314195843.26243761589
726134895358679142419258637971325468684917253.32486971867592314195843726243761589
72613489535867914241925863797132546868491725353248697186759231419584372.243761589
7261348953586791424192586379713254686849172535324869718.7592314195843726243761589
7261348953586791.2419258637971325468684917253532486971867592314195843726243761589
7261348953.8679142419258637971325468684917253532486971867592314195843726243761589
726134895358679142419258637971325468684.17253532486971867592314195843726243761589
72613489535867914241925863797132546868491725353248697186759231419584372.243761589
72613489535867914241925863797132546868491725.532486971867592314195843726243761589
7261348953586791424192586379713254686849172535324869718675923.4195843726243761589
726134895358679142419258637971325468684917253532486971867592314195843.26243761589
7261348953586791424192586379713254686849172535324869718.7592314195843726243761589
726134895358679142419258637971325468684917253532486971867592.14195843726243761589
726.34895358679142419258637971325468684917253532486971867592314195843726243761589
726134895358679.42419258637971325468684917253532486971867592314195843726243761589
726134895358679142419258637971325468684917253532486971867592314195843.26243761589
726134895358679142419258637.71325468684917253532486971867592314195843726243761589
726134895358679142.19258637971325468684917253532486971867592314195843726243761589
72613489535.679142419258637971325468684917253532486971867592314195843726243761589
72613489535867914241925863797132546868491725353248697186759231419584372624376.589
2536148797915834264687923158759361421462579383291486575173692849348257616824.1593
2536148797915834264687923.5875936142146257938329148657517369284934825761682471593
.53614879791583426468792315875936142146257938329148657517369284934825761682471593
253614879791583426468792315875936142146257938329148.57517369284934825761682471593
2536148797915834264687923158759361421462579383291486575173.9284934825761682471593
2536148797915834264687923158759361421462579383291486575173692849348257.1682471593
.53614879791583426468792315875936142146257938329148657517369284934825761682471593
25361487979158342646879231587593614214625.938329148657517369284934825761682471593
2536148797915834264687923158759361421462579383291486575173692849348257616.2471593
25361487979158342646879231587593614214625793832914865.517369284934825761682471593
253614879791583426468792315875.36142146257938329148657517369284934825761682471593
253614879791583426468792315875936142146257.38329148657517369284934825761682471593
25361487979158342646879231587.936142146257938329148657517369284934825761682471593
253614879791583426468792315875936142146257938329148657517.69284934825761682471593
2536148797915834264687923158.5936142146257938329148657517369284934825761682471593
25361487979158342646879.315875936142146257938329148657517369284934825761682471593
253614879791583426468792315.75936142146257938329148657517369284934825761682471593
25361487979158342646879.315875936142146257938329148657517369284934825761682471593
2536148797915834264687923158759361421462579.8329148657517369284934825761682471593
253614879791583426468792315875936142146257938329148657517369284934825761682.71593
742639815183574269659821743365192.78298746351471385926537218694814967532926453187
742639815183574269659821743365192478298746351471385926537218694814967532.26453187
7426398151835742696598217433651924.8298746351471385926537218694814967532926453187
74263981.183574269659821743365192478298746351471385926537218694814967532926453187
74263981518357426965982174336519247829874635147138592653.218694814967532926453187
74263981518357426965982174336519247829874635147138592653.218694814967532926453187
742639815183574269659821743365192478298746351471385926537218694814967.32926453187
74263981518357426965982.743365192478298746351471385926537218694814967532926453187
74263981518357426965982174336519247829874635147138592653721869481496753292645318.
742639815183574269659.21743365192478298746351471385926537218694814967532926453187
7426398151835742696598217433651.2478298746351471385926537218694814967532926453187
7426.9815183574269659821743365192478298746351471385926537218694814967532926453187
7426398151835742696598217433651924782987463514713859265372186948149675329264.3187
74263981518357426965.821743365192478298746351471385926537218694814967532926453187
742639815183574269659821743365192478298746351471385926537218694814967532926.53187
7426398151835742696.9821743365192478298746351471385926537218694814967532926453187
742639815183574269659821743365192478298746351471385926537.18694814967532926453187
74263981518357.269659821743365192478298746351471385926537218694814967532926453187
74263981518357.269659821743365192478298746351471385926537218694814967532926453187
7426398151835742696598217433651924782987463514713859265372186948149675.2926453187
124538769583679142976124853249715386618493275735286.91392867514851942637467351928
1245387695836791429761248532497153866184932757352864913.2867514851942637467351928
12453876958367914297612.853249715386618493275735286491392867514851942637467351928
1245387695836791429761248532497153866184932757352864913928675148.1942637467351928
12453876958367914297612485324971538661849327.735286491392867514851942637467351928
124538769583679142976124853249715386.18493275735286491392867514851942637467351928
12453876958367914297612485324971538661849327573528649139286751485194.637467351928
12453876958367914297.124853249715386618493275735286491392867514851942637467351928
1245387695836791429761248532497153866184932757352864913928675148.1942637467351928
1245387695836791429761248532497153866184932757352864913928675148519426374673519.8
12453876958367914297612485324971538661849327573528649139286.514851942637467351928
1245387695836791.2976124853249715386618493275735286491392867514851942637467351928
124538769583679142976124853249715386618.93275735286491392867514851942637467351928
12453876958367914297612485324971538661.493275735286491392867514851942637467351928
1245387695836791429761248532497153866184932757352864.1392867514851942637467351928
124538769583679142976124853249715386.18493275735286491392867514851942637467351928
12453876958367914297612485324971538661849327573528649139286.514851942637467351928
12453876958367914297612485.249715386618493275735286491392867514851942637467351928
1245387695836791429761.4853249715386618493275735286491392867514851942637467351928
1245387695836791429761248.3249715386618493275735286491392867514851942637467351928
12584976386413795237956241895.471326643298175217356894436715289581923647792684531
125849763864137952379562418958471326643298175217356894.36715289581923647792684531
1258497638641379523795624189584713266432981.5217356894436715289581923647792684531
12584976386413795237956.418958471326643298175217356894436715289581923647792684531
12584976386413.952379562418958471326643298175217356894436715289581923647792684531
.25849763864137952379562418958471326643298175217356894436715289581923647792684531
1258497638641379.2379562418958471326643298175217356894436715289581923647792684531
1258497638641379523795.2418958471326643298175217356894436715289581923647792684531
125849763.64137952379562418958471326643298175217356894436715289581923647792684531
125849763864137952379562418958471.26643298175217356894436715289581923647792684531
1258497638641379523795624189584713266432981752173568944367152895819236477.2684531
125849763864137952379.62418958471326643298175217356894436715289581923647792684531
12584976386413795237956241895847132.643298175217356894436715289581923647792684531
12584976386413795237956241895847132664.298175217356894436715289581923647792684531
125849763864.37952379562418958471326643298175217356894436715289581923647792684531
12584976386413795237956241895847132.643298175217356894436715289581923647792684531
1258497638641379523795624189584713266432981752173568944.6715289581923647792684531
1258497638641379523795624189584713266432981752173568944367152.9581923647792684531
125849763864137.52379562418958471326643298175217356894436715289581923647792684531
125849763864137952379562.18958471326643298175217356894436715289581923647792684531
75982164331654978228463791557129683.468375291923418567897153426632784159145962378
75982164331654978228463791557129683446837529192341856789715342663278415914.962378
75982164331654978228463791557129683446837529192341856789715342663278415914596237.
7598216433165497822846379155712968344683752.1923418567897153426632784159145962378
7598216433.6549782284637915571296834468375291923418567897153426632784159145962378
7598.1643316549782284637915571296834468375291923418567897153426632784159145962378
7598216433165497822846379155712968344683752919234185678971534266327841591.5962378
75982164331654978228463791557129683446837529192341856789.153426632784159145962378
7598216433165497822846379155712.6834468375291923418567897153426632784159145962378
7598216433165497822846379155712968344683752919.3418567897153426632784159145962378
759821643.16549782284637915571296834468375291923418567897153426632784159145962378
7598216433165497822846379.5571296834468375291923418567897153426632784159145962378
75982164331654978228463791557129.834468375291923418567897153426632784159145962378
759821643316549782284637915571296834468375291.23418567897153426632784159145962378
7598216433165497822846379155712968344683752919234185678971534266327841591.5962378
75982164331654978228463791557129683446837529192341856789715342.632784159145962378
75982164331654978228463791557129683446837529192341856789715342.632784159145962378
7598216433165497822846379155.1296834468375291923418567897153426632784159145962378
7598216433165497822846379155712968344683752919234185678.7153426632784159145962378
7598216433.6549782284637915571296834468375291923418567897153426632784159145962378
7582.4361234618759691753824489567132576321948312489675847132596163945287925876413
7582943612346187596917538244895671325763219483124896.5847132596163945287925876413
7582943612346187596917538244895671325763219483124896758.7132596163945287925876413
7582943612346187596917538244895671325763219483124.9675847132596163945287925876413
758294361234618759691753.24489567132576321948312489675847132596163945287925876413
75829.361234618759691753824489567132576321948312489675847132596163945287925876413
7582943612346187596917538244895671325763219483124896758471325961639452.7925876413
7582943612346187596917538244895671325763219483124896.5847132596163945287925876413
758294361234618759691753824489567132576321948312.89675847132596163945287925876413
758294361234618759691753824489567132576321948312489675847132596163945.87925876413
7582943612346.8759691753824489567132576321948312489675847132596163945287925876413
75829436123461875969175382448956713.576321948312489675847132596163945287925876413
758294361234618.59691753824489567132576321948312489675847132596163945287925876413
7582943612346187596917538244895671325.6321948312489675847132596163945287925876413
7582943612346187596917538244895671325763219483124896758471325961639452879.5876413
7582943612346187596917538244895671325763219483.2489675847132596163945287925876413
75829436123461875969175382448956713257632194831248967584713259616394528792587641.
75829436123461875969175382448956713257632194831248967584713259616394528792587641.
7582943612.4618759691753824489567132576321948312489675847132596163945287925876413
75829436123461875.691753824489567132576321948312489675847132596163945287925876413
3597618424729856318612347591853.7926743629185296158374928513467514876293637492518
359761842472985631861234759185347926743629185296.58374928513467514876293637492518
3597618424729856318612347591853479267436.9185296158374928513467514876293637492518
359761842472985631861234759185347926743629.85296158374928513467514876293637492518
3597.1842472985631861234759185347926743629185296158374928513467514876293637492518
3597618424729856318612347591853479267436291852961.8374928513467514876293637492518
35976184247298563186123475918534792.743629185296158374928513467514876293637492518
359761842472985631861234759185347.26743629185296158374928513467514876293637492518
35976184247298563186123475918534.926743629185296158374928513467514876293637492518
35976184247298563186123475918534792674362918529615837492851346751487629.637492518
35976184247298563186123475918534.926743629185296158374928513467514876293637492518
359761842472985631861234759185347.26743629185296158374928513467514876293637492518
35976184247298563186123475918534792674362918529615837492851346751487.293637492518
359761842472985631861234759185347.26743629185296158374928513467514876293637492518
3597618424729856318612347.9185347926743629185296158374928513467514876293637492518
359761842472985631861234759.85347926743629185296158374928513467514876293637492518
359761842472985631861.34759185347926743629185296158374928513467514876293637492518
35976184247298563186123475918534792674362918529615837492.513467514876293637492518
359761842472985631861234759185347.26743629185296158374928513467514876293637492518
35976184247298563186123475918534792674362918.296158374928513467514876293637492518
1637895247856423.9924351687612837945359426178478195236547913862236578491891264753
1637895247856423199243516876128379453594261.8478195236547913862236578491891264753
163789.24785642319924351687612837945359426178478195236547913862236578491891264753
1637895247.5642319924351687612837945359426178478195236547913862236578491891264753
16378952478564231992435168761283794.359426178478195236547913862236578491891264753
1637895247856423199243516876128379453594261784781952365479.3862236578491891264753
16378952478564231992435168761283794535942617847819523654791386223657849.891264753
1637895247856423199243516876128379453594261784781952365479138622365784918912647.3
163789524785642319924351687612837945359426178478195.36547913862236578491891264753
163789524785642319924351687612837945.59426178478195236547913862236578491891264753
